-10016130222005743211645
5743211645
-1001613022200
5494268932
6261106328
6400309083
6623155397
6622885073
6091395167
6759737567
5842292403
6247244153
5184635104
5834496614
5459446924
6177488112
6106712433
5919513703
6037905148
2089155497
6444208995
6093585253
6117879089
5951634997
5723167796
5368190177
5924720392
5409177032
5469348627
6305164203
-1001760164254
6451233707
6656080376
6174080538
5477985204
5281564695
6409646417
-1001990777641
5070569922
6018256739
5823894892
6443811487
6266609448
6540727087
5354226365
6427634152
6571488427
6039710690
7062136828
6801169955
6830943975
5232476110
6350380528
5578951375
7127787339
6019212320
6542357827
6914213658
6847865709
5722584241
6958997082
6379142516
6746027717
5529270054
6894751500
6071818795
6631107261
6957342474
5221096430
5281039012
6664354032
6386237198
6786934309
6483847818
5880801735
6936293271
6678927239
6231895911
6260163784
6873846778
1225496815
6190701564
6820943842
6927165593
1661490859
6360347823
6431180243
7032868802
7162981798
6374917215
6289433769
6075387665
5782564749
2136055346
6932603965
6078782146
6307804253
7175779307
1813579427
6522456732
5282270971
6002540783
7034021639
5687344575
5861285018
6192886080
6623285042
6774196502
6984455468
7070985825
5836929735
6760760426
7142069830
5676274753
6080981462
6435247851
6839519110
6002347824
6666036505
1941035844
6939198493
6969737926
5289801935
5850955157
6332531512
6070034177
7165060121
6414141877
6635323247
6776116833
6496912117
6824506325
6994066420
5549873242
6186633958
5878099521
6382725343
6580393119
5662006155
6654188822
6620181330
6485879756
7108534713
6957461229
5897793872
5876244424
879006550
7088520873
-4105834981
-1002040239665
-1002003939065
6436991688
-1001479969649
6336756006
6163199981
7162453132
6656253278
2078535546
7146585759
6604503020
6403693844
7119944545
6545589263
6795694219
6252485430
948517122
7039546731
5808730935
6762047696
6034347319
6258837562
6539118698
6669415350
6137739077
6612815038
6289786505
6036086640
6980446434
6183495480
6822022908
939547662
6917536998
6337343877
7085947628
7034635484
5640108039
6798795041
7109974639
1052506611
7013214008
-1002160746299
6719154070
5771530415
6910594487
6112655192
6620155981
6942038836
5983027656
7046497936
6265317014
1315551961
6580879393
7175236408
7481763297
5243722248
5716549165
7109020890
6909401859
5280481791
6042896712
7266659604
6279090643
6153535165
7138374320
5702575740
6497354802
2133451102
-1002206103554
985133997
6418065261
5630067618
6448301705
6981914258
6099850479
6966763376
2106929793
5648558589
7414084410
6182440202
6672689396
7366528503
7178825207
6711825068
5777596826
1215410488
5902571271
5678863430
6581730010
5975856171
6586323836
7177027733
6681973315
5915168094
6829254998
6711195284
1744221186
5824066932
6243830398
6191290409
794106847
6792389725
7166877620
6718207821
5497832661
6883297169
5833490451
6620048322
1900351806
6010830794
7192373130
6223367238
7184463940
6997054169
5307603881
2056199482
6538197406
6499030388
6099373600
6535137020
6404181379
6907137040
1838135453
6074159017
6263907508
6379941920
1076124182
7136111191
6055020216
5881469542
7100399434
6911928020
5405281035
6568879013
7317773828
6215810477
6186023400
6946978939
7246142996
6708855968
5941692447
6082146930
5442060921
6836024458
5462102609
5672156825
5635325051
6887059557
6600043446
5816723020
6436997562
6407942426
6114185795
5614875338
6216306585
7090144597
7103433875
7225964510
7260534641
6136953434
6596845262
6535496915
6185404432
6356275625
7185877886
6759599834
6796915218
7232766095
6528319458
7172155124
6115757244
7257896377
5935732967
6789725715
6020731162
5550800166
6876310328
5975937790
1675769672
5861404117
7232331101
6278382207
6803087689
7485303016
6438165139
6489786677
6855402591
5771626617
6402017238
5018130320
5225013774
6815683588
5578075041
5798339330
7067082063
5343801502
5462534517
6779255299
6933394225
6501426552
6456226911
5674277352
5952204068
6672862606
6295444447
6645075586
6853955333
6496113896
6299811142
6228631258
5875690644
6507614666
7478341404
6831168250
5766958489
6192210641
1693166786
6127752602
6366980637
6021391744
7038538901
6681980280
6481927660
