-10016130222005743211645
5743211645
-1001613022200
5494268932
6261106328
6400309083
6623155397
6622885073
6091395167
6759737567
5842292403
6247244153
5184635104
5834496614
5459446924
6177488112
6106712433
5919513703
6037905148
2089155497
6444208995
6093585253
6117879089
5951634997
5723167796
5368190177
5924720392
5409177032
5469348627
6305164203
-1001760164254
6451233707
6656080376
6174080538
5477985204
5281564695
6409646417
-1001990777641
5070569922
6018256739
5823894892
6443811487
6266609448
6540727087
5354226365
6427634152
6571488427
6039710690
7062136828
6801169955
6830943975
5232476110
6350380528
5578951375
7127787339
6019212320
6542357827
6914213658
6847865709
5722584241
6958997082
6379142516
6746027717
5529270054
6894751500
6071818795
6631107261
6957342474
5221096430
5281039012
6664354032
6386237198
6786934309
6483847818
5880801735
6936293271
6678927239
6231895911
6260163784
6873846778
1225496815
6190701564
6820943842
6927165593
1661490859
6360347823
6431180243
7032868802
7162981798
6374917215
6289433769
6075387665
5782564749
2136055346
6932603965
6078782146
6307804253
7175779307
1813579427
6522456732
5282270971
6002540783
7034021639
5687344575
5861285018
6192886080
6623285042
6774196502
6984455468
7070985825
5836929735
6760760426
7142069830
5676274753
6080981462
6435247851
6839519110
6002347824
6666036505
1941035844
6939198493
6969737926
5289801935
5850955157
6332531512
6070034177
7165060121
6414141877
6635323247
6776116833
6496912117
6824506325
6994066420
5549873242
6186633958
5878099521
6382725343
6580393119
5662006155
6654188822
6620181330
6485879756
7108534713
6957461229
5897793872
5876244424
879006550
7088520873
-4105834981
-1002040239665
